EST_File Track
DataType ascii
NumFrames 154
NumChannels 1
FrameShift 0.00000
VoicingEnabled true
EST_Header_End
0.010000 0 0.000000
0.020000 0 0.000000
0.030000 0 0.000000
0.040000 0 0.000000
0.050000 0 0.000000
0.060000 0 0.000000
0.070000 0 0.000000
0.080000 0 0.000000
0.090000 0 0.000000
0.100000 0 0.000000
0.110000 0 0.000000
0.120000 0 0.000000
0.130000 0 0.000000
0.140000 0 0.000000
0.150000 0 0.000000
0.160000 0 0.000000
0.170000 0 0.000000
0.180000 0 0.000000
0.190000 0 0.000000
0.200000 0 0.000000
0.210000 0 0.000000
0.220000 0 0.000000
0.230000 0 0.000000
0.240000 0 0.000000
0.250000 0 0.000000
0.260000 0 0.000000
0.270000 0 0.000000
0.280000 0 0.000000
0.290000 0 0.000000
0.300000 0 0.000000
0.310000 0 0.000000
0.320000 0 0.000000
0.330000 0 0.000000
0.340000 0 0.000000
0.350000 0 0.000000
0.360000 0 0.000000
0.370000 0 0.000000
0.380000 0 0.000000
0.390000 0 0.000000
0.400000 0 0.000000
0.410000 0 0.000000
0.420000 0 0.000000
0.430000 0 0.000000
0.440000 0 0.000000
0.450000 0 0.000000
0.460000 0 0.000000
0.470000 0 0.000000
0.480000 0 0.000000
0.490000 0 0.000000
0.500000 0 0.000000
0.510000 0 0.000000
0.520000 0 0.000000
0.530000 0 0.000000
0.540000 0 0.000000
0.550000 0 0.000000
0.560000 0 0.000000
0.570000 0 0.000000
0.580000 0 0.000000
0.590000 0 0.000000
0.600000 0 0.000000
0.610000 0 0.000000
0.620000 0 0.000000
0.630000 0 0.000000
0.640000 0 0.000000
0.651542 1 0.000000
0.657914 1 0.000000
0.664649 1 0.000000
0.671497 1 0.000000
0.678345 1 0.000000
0.685215 1 0.000000
0.692041 1 0.000000
0.698844 1 0.000000
0.705646 1 0.000000
0.712381 1 0.000000
0.719501 1 0.000000
0.725873 1 0.000000
0.733243 1 0.000000
0.740045 1 0.000000
0.746825 1 0.000000
0.753560 1 0.000000
0.760249 1 0.000000
0.766916 1 0.000000
0.773605 1 0.000000
0.780317 1 0.000000
0.787098 1 0.000000
0.793787 1 0.000000
0.800590 1 0.000000
0.807415 1 0.000000
0.814331 1 0.000000
0.821293 1 0.000000
0.828390 1 0.000000
0.835510 1 0.000000
0.842834 1 0.000000
0.850272 1 0.000000
0.857891 1 0.000000
0.865646 1 0.000000
0.873810 1 0.000000
0.882086 1 0.000000
0.890567 1 0.000000
0.899229 1 0.000000
0.908209 1 0.000000
0.917687 1 0.000000
0.927687 0 0.000000
0.937687 0 0.000000
0.947687 0 0.000000
0.957687 0 0.000000
0.967687 0 0.000000
0.977687 0 0.000000
0.987687 0 0.000000
0.997687 0 0.000000
1.007687 0 0.000000
1.017687 0 0.000000
1.027687 0 0.000000
1.037687 0 0.000000
1.047687 0 0.000000
1.057687 0 0.000000
1.067687 0 0.000000
1.077687 0 0.000000
1.087687 0 0.000000
1.097687 0 0.000000
1.107687 0 0.000000
1.117687 0 0.000000
1.127687 0 0.000000
1.137687 0 0.000000
1.147687 0 0.000000
1.157687 0 0.000000
1.167687 0 0.000000
1.177687 0 0.000000
1.187687 0 0.000000
1.197687 0 0.000000
1.207687 0 0.000000
1.217687 0 0.000000
1.227687 0 0.000000
1.237687 0 0.000000
1.247687 0 0.000000
1.257687 0 0.000000
1.267687 0 0.000000
1.277687 0 0.000000
1.287687 0 0.000000
1.297687 0 0.000000
1.307687 0 0.000000
1.317687 0 0.000000
1.327687 0 0.000000
1.337687 0 0.000000
1.347687 0 0.000000
1.357687 0 0.000000
1.367687 0 0.000000
1.377687 0 0.000000
1.387687 0 0.000000
1.397687 0 0.000000
1.407687 0 0.000000
1.417687 0 0.000000
1.427687 0 0.000000
1.437687 0 0.000000
